0.000 0.000 0.700 0.000 0.000 0.000 0.000 0.000 0.000 0.000 0.000 0.000 0.000 0.000 0.000
0.000 0.000 1.000 0.900 0.000 1.000 1.000 0.000 0.000 1.000 1.000 0.000 0.000 1.000 0.800
0.700 1.000 0.000 0.700 1.000 0.000 0.900 0.000 1.000 0.000 0.000 0.000 0.000 0.000 0.000
0.000 0.900 0.700 0.000 1.000 0.900 0.000 0.900 0.000 0.900 0.000 1.000 0.000 0.000 0.000
0.000 0.000 1.000 1.000 0.000 0.000 0.000 0.000 0.000 0.000 0.000 0.000 1.000 0.000 0.000
0.000 1.000 0.000 0.900 0.000 0.000 0.000 0.800 0.000 0.000 0.000 0.000 0.000 0.000 0.900
0.000 1.000 0.900 0.000 0.000 0.000 0.000 0.000 0.000 0.000 0.900 0.000 0.000 0.000 0.000
0.000 0.000 0.000 0.900 0.000 0.800 0.000 0.000 1.000 0.000 0.000 1.000 0.000 0.000 0.000
0.000 0.000 1.000 0.000 0.000 0.000 0.000 1.000 0.000 0.000 0.000 0.000 0.000 0.900 0.000
0.000 1.000 0.000 0.900 0.000 0.000 0.000 0.000 0.000 0.000 0.000 0.000 0.000 0.000 0.000
0.000 1.000 0.000 0.000 0.000 0.000 0.900 0.000 0.000 0.000 0.000 0.000 0.000 0.000 0.000
0.000 0.000 0.000 1.000 0.000 0.000 0.000 1.000 0.000 0.000 0.000 0.000 1.000 0.000 0.000
0.000 0.000 0.000 0.000 1.000 0.000 0.000 0.000 0.000 0.000 0.000 1.000 0.000 0.000 0.000
0.000 1.000 0.000 0.000 0.000 0.000 0.000 0.000 0.900 0.000 0.000 0.000 0.000 0.000 0.000
0.000 0.800 0.000 0.000 0.000 0.900 0.000 0.000 0.000 0.000 0.000 0.000 0.000 0.000 0.000
